%% Corning EDF data

lambs = [1465.00
1465.25
1465.50
1465.75
1466.00
1466.25
1466.50
1466.75
1467.00
1467.25
1467.50
1467.75
1468.00
1468.25
1468.50
1468.75
1469.00
1469.25
1469.50
1469.75
1470.00
1470.25
1470.50
1470.75
1471.00
1471.25
1471.50
1471.75
1472.00
1472.25
1472.50
1472.75
1473.00
1473.25
1473.50
1473.75
1474.00
1474.25
1474.50
1474.75
1475.00
1475.25
1475.50
1475.75
1476.00
1476.25
1476.50
1476.75
1477.00
1477.25
1477.50
1477.75
1478.00
1478.25
1478.50
1478.75
1479.00
1479.25
1479.50
1479.75
1480.00
1480.25
1480.50
1480.75
1481.00
1481.25
1481.50
1481.75
1482.00
1482.25
1482.50
1482.75
1483.00
1483.25
1483.50
1483.75
1484.00
1484.25
1484.50
1484.75
1485.00
1485.25
1485.50
1485.75
1486.00
1486.25
1486.50
1486.75
1487.00
1487.25
1487.50
1487.75
1488.00
1488.25
1488.50
1488.75
1489.00
1489.25
1489.50
1489.75
1490.00
1490.25
1490.50
1490.75
1491.00
1491.25
1491.50
1491.75
1492.00
1492.25
1492.50
1492.75
1493.00
1493.25
1493.50
1493.75
1494.00
1494.25
1494.50
1494.75
1495.00
1495.25
1495.50
1495.75
1496.00
1496.25
1496.50
1496.75
1497.00
1497.25
1497.50
1497.75
1498.00
1498.25
1498.50
1498.75
1499.00
1499.25
1499.50
1499.75
1500.00
1500.25
1500.50
1500.75
1501.00
1501.25
1501.50
1501.75
1502.00
1502.25
1502.50
1502.75
1503.00
1503.25
1503.50
1503.75
1504.00
1504.25
1504.50
1504.75
1505.00
1505.25
1505.50
1505.75
1506.00
1506.25
1506.50
1506.75
1507.00
1507.25
1507.50
1507.75
1508.00
1508.25
1508.50
1508.75
1509.00
1509.25
1509.50
1509.75
1510.00
1510.25
1510.50
1510.75
1511.00
1511.25
1511.50
1511.75
1512.00
1512.25
1512.50
1512.75
1513.00
1513.25
1513.50
1513.75
1514.00
1514.25
1514.50
1514.75
1515.00
1515.25
1515.50
1515.75
1516.00
1516.25
1516.50
1516.75
1517.00
1517.25
1517.50
1517.75
1518.00
1518.25
1518.50
1518.75
1519.00
1519.25
1519.50
1519.75
1520.00
1520.25
1520.50
1520.75
1521.00
1521.25
1521.50
1521.75
1522.00
1522.25
1522.50
1522.75
1523.00
1523.25
1523.50
1523.75
1524.00
1524.25
1524.50
1524.75
1525.00
1525.25
1525.50
1525.75
1526.00
1526.25
1526.50
1526.75
1527.00
1527.25
1527.50
1527.75
1528.00
1528.25
1528.50
1528.75
1529.00
1529.25
1529.50
1529.75
1530.00
1530.25
1530.50
1530.75
1531.00
1531.25
1531.50
1531.75
1532.00
1532.25
1532.50
1532.75
1533.00
1533.25
1533.50
1533.75
1534.00
1534.25
1534.50
1534.75
1535.00
1535.25
1535.50
1535.75
1536.00
1536.25
1536.50
1536.75
1537.00
1537.25
1537.50
1537.75
1538.00
1538.25
1538.50
1538.75
1539.00
1539.25
1539.50
1539.75
1540.00
1540.25
1540.50
1540.75
1541.00
1541.25
1541.50
1541.75
1542.00
1542.25
1542.50
1542.75
1543.00
1543.25
1543.50
1543.75
1544.00
1544.25
1544.50
1544.75
1545.00
1545.25
1545.50
1545.75
1546.00
1546.25
1546.50
1546.75
1547.00
1547.25
1547.50
1547.75
1548.00
1548.25
1548.50
1548.75
1549.00
1549.25
1549.50
1549.75
1550.00
1550.25
1550.50
1550.75
1551.00
1551.25
1551.50
1551.75
1552.00
1552.25
1552.50
1552.75
1553.00
1553.25
1553.50
1553.75
1554.00
1554.25
1554.50
1554.75
1555.00
1555.25
1555.50
1555.75
1556.00
1556.25
1556.50
1556.75
1557.00
1557.25
1557.50
1557.75
1558.00
1558.25
1558.50
1558.75
1559.00
1559.25
1559.50
1559.75
1560.00
1560.25
1560.50
1560.75
1561.00
1561.25
1561.50
1561.75
1562.00
1562.25
1562.50
1562.75
1563.00
1563.25
1563.50
1563.75
1564.00
1564.25
1564.50
1564.75
1565.00
1565.25
1565.50
1565.75
1566.00
1566.25
1566.50
1566.75
1567.00
1567.25
1567.50
1567.75
1568.00
1568.25
1568.50
1568.75
1569.00
1569.25
1569.50
1569.75
1570.00];

% Absorption coefficient in dB/m
alphas = [2.290
2.310
2.331
2.348
2.365
2.385
2.405
2.422
2.441
2.460
2.487
2.499
2.518
2.538
2.559
2.575
2.593
2.613
2.631
2.651
2.667
2.686
2.709
2.732
2.747
2.766
2.782
2.802
2.824
2.846
2.867
2.882
2.901
2.915
2.931
2.947
2.964
2.982
3.000
3.020
3.036
3.052
3.068
3.086
3.102
3.119
3.138
3.156
3.171
3.182
3.199
3.214
3.233
3.250
3.265
3.274
3.281
3.293
3.312
3.328
3.341
3.352
3.368
3.379
3.391
3.402
3.415
3.427
3.439
3.453
3.467
3.479
3.489
3.504
3.516
3.524
3.534
3.546
3.554
3.563
3.574
3.585
3.595
3.607
3.617
3.626
3.635
3.645
3.653
3.661
3.669
3.678
3.687
3.693
3.699
3.707
3.717
3.725
3.732
3.737
3.745
3.751
3.754
3.761
3.768
3.775
3.778
3.784
3.790
3.795
3.800
3.806
3.812
3.816
3.821
3.827
3.830
3.835
3.839
3.845
3.848
3.851
3.855
3.859
3.864
3.870
3.876
3.876
3.886
3.887
3.893
3.895
3.899
3.901
3.908
3.912
3.914
3.918
3.920
3.928
3.929
3.932
3.939
3.943
3.946
3.951
3.955
3.955
3.962
3.970
3.981
3.988
3.994
4.001
4.003
4.005
4.017
4.023
4.027
4.033
4.044
4.050
4.052
4.064
4.071
4.080
4.090
4.102
4.115
4.120
4.130
4.142
4.154
4.166
4.180
4.196
4.213
4.233
4.249
4.261
4.272
4.288
4.308
4.324
4.340
4.360
4.378
4.403
4.418
4.443
4.463
4.481
4.503
4.524
4.546
4.569
4.590
4.613
4.637
4.663
4.689
4.720
4.748
4.780
4.807
4.842
4.873
4.909
4.944
4.981
5.021
5.062
5.106
5.152
5.202
5.251
5.303
5.359
5.419
5.478
5.540
5.607
5.680
5.758
5.836
5.912
5.995
6.077
6.163
6.251
6.340
6.429
6.519
6.608
6.704
6.795
6.883
6.973
7.062
7.146
7.225
7.304
7.380
7.448
7.511
7.571
7.629
7.676
7.718
7.754
7.782
7.804
7.817
7.823
7.832
7.832
7.828
7.811
7.791
7.758
7.724
7.693
7.652
7.598
7.531
7.462
7.398
7.324
7.246
7.154
7.059
6.963
6.872
6.765
6.648
6.527
6.413
6.297
6.177
6.058
5.944
5.830
5.721
5.620
5.518
5.419
5.326
5.236
5.156
5.086
5.023
4.963
4.908
4.861
4.817
4.775
4.736
4.702
4.667
4.645
4.617
4.591
4.567
4.546
4.516
4.496
4.475
4.454
4.430
4.404
4.381
4.357
4.332
4.307
4.280
4.252
4.223
4.193
4.165
4.139
4.110
4.081
4.051
4.017
3.984
3.955
3.921
3.887
3.853
3.826
3.795
3.766
3.739
3.712
3.681
3.653
3.625
3.597
3.572
3.542
3.516
3.493
3.468
3.443
3.421
3.398
3.377
3.351
3.325
3.301
3.282
3.264
3.250
3.229
3.213
3.183
3.159
3.144
3.128
3.106
3.084
3.070
3.052
3.031
3.003
2.985
2.963
2.938
2.914
2.889
2.869
2.845
2.823
2.802
2.777
2.748
2.724
2.703
2.681
2.653
2.624
2.597
2.571
2.541
2.514
2.486
2.457
2.425
2.396
2.369
2.333
2.298
2.268
2.236
2.207
2.177
2.151
2.117
2.089
2.054
2.026
1.997
1.969
1.940
1.910
1.877
1.850
1.822
1.797
1.767
1.737
1.709
1.684
1.650
1.625
1.597
1.575
1.552
1.524
1.498
1.474];

% Gain coefficient in dB/m
