%% Corning EDF data

lambs = [1465.00
1465.25
1465.50
1465.75
1466.00
1466.25
1466.50
1466.75
1467.00
1467.25
1467.50
1467.75
1468.00
1468.25
1468.50
1468.75
1469.00
1469.25
1469.50
1469.75
1470.00
1470.25
1470.50
1470.75
1471.00
1471.25
1471.50
1471.75
1472.00
1472.25
1472.50
1472.75
1473.00
1473.25
1473.50
1473.75
1474.00
1474.25
1474.50
1474.75
1475.00
1475.25
1475.50
1475.75
1476.00
1476.25
1476.50
1476.75
1477.00
1477.25
1477.50
1477.75
1478.00
1478.25
1478.50
1478.75
1479.00
1479.25
1479.50
1479.75
1480.00
1480.25
1480.50
1480.75
1481.00
1481.25
1481.50
1481.75
1482.00
1482.25
1482.50
1482.75
1483.00
1483.25
1483.50
1483.75
1484.00
1484.25
1484.50
1484.75
1485.00
1485.25
1485.50
1485.75
1486.00
1486.25
1486.50
1486.75
1487.00
1487.25
1487.50
1487.75
1488.00
1488.25
1488.50
1488.75
1489.00
1489.25
1489.50
1489.75
1490.00
1490.25
1490.50
1490.75
1491.00
1491.25
1491.50
1491.75
1492.00
1492.25
1492.50
1492.75
1493.00
1493.25
1493.50
1493.75
1494.00
1494.25
1494.50
1494.75
1495.00
1495.25
1495.50
1495.75
1496.00
1496.25
1496.50
1496.75
1497.00
1497.25
1497.50
1497.75
1498.00
1498.25
1498.50
1498.75
1499.00
1499.25
1499.50
1499.75
1500.00
1500.25
1500.50
1500.75
1501.00
1501.25
1501.50
1501.75
1502.00
1502.25
1502.50
1502.75
1503.00
1503.25
1503.50
1503.75
1504.00
1504.25
1504.50
1504.75
1505.00
1505.25
1505.50
1505.75
1506.00
1506.25
1506.50
1506.75
1507.00
1507.25
1507.50
1507.75
1508.00
1508.25
1508.50
1508.75
1509.00
1509.25
1509.50
1509.75
1510.00
1510.25
1510.50
1510.75
1511.00
1511.25
1511.50
1511.75
1512.00
1512.25
1512.50
1512.75
1513.00
1513.25
1513.50
1513.75
1514.00
1514.25
1514.50
1514.75
1515.00
1515.25
1515.50
1515.75
1516.00
1516.25
1516.50
1516.75
1517.00
1517.25
1517.50
1517.75
1518.00
1518.25
1518.50
1518.75
1519.00
1519.25
1519.50
1519.75
1520.00
1520.25
1520.50
1520.75
1521.00
1521.25
1521.50
1521.75
1522.00
1522.25
1522.50
1522.75
1523.00
1523.25
1523.50
1523.75
1524.00
1524.25
1524.50
1524.75
1525.00
1525.25
1525.50
1525.75
1526.00
1526.25
1526.50
1526.75
1527.00
1527.25
1527.50
1527.75
1528.00
1528.25
1528.50
1528.75
1529.00
1529.25
1529.50
1529.75
1530.00
1530.25
1530.50
1530.75
1531.00
1531.25
1531.50
1531.75
1532.00
1532.25
1532.50
1532.75
1533.00
1533.25
1533.50
1533.75
1534.00
1534.25
1534.50
1534.75
1535.00
1535.25
1535.50
1535.75
1536.00
1536.25
1536.50
1536.75
1537.00
1537.25
1537.50
1537.75
1538.00
1538.25
1538.50
1538.75
1539.00
1539.25
1539.50
1539.75
1540.00
1540.25
1540.50
1540.75
1541.00
1541.25
1541.50
1541.75
1542.00
1542.25
1542.50
1542.75
1543.00
1543.25
1543.50
1543.75
1544.00
1544.25
1544.50
1544.75
1545.00
1545.25
1545.50
1545.75
1546.00
1546.25
1546.50
1546.75
1547.00
1547.25
1547.50
1547.75
1548.00
1548.25
1548.50
1548.75
1549.00
1549.25
1549.50
1549.75
1550.00
1550.25
1550.50
1550.75
1551.00
1551.25
1551.50
1551.75
1552.00
1552.25
1552.50
1552.75
1553.00
1553.25
1553.50
1553.75
1554.00
1554.25
1554.50
1554.75
1555.00
1555.25
1555.50
1555.75
1556.00
1556.25
1556.50
1556.75
1557.00
1557.25
1557.50
1557.75
1558.00
1558.25
1558.50
1558.75
1559.00
1559.25
1559.50
1559.75
1560.00
1560.25
1560.50
1560.75
1561.00
1561.25
1561.50
1561.75
1562.00
1562.25
1562.50
1562.75
1563.00
1563.25
1563.50
1563.75
1564.00
1564.25
1564.50
1564.75
1565.00
1565.25
1565.50
1565.75
1566.00
1566.25
1566.50
1566.75
1567.00
1567.25
1567.50
1567.75
1568.00
1568.25
1568.50
1568.75
1569.00
1569.25
1569.50
1569.75
1570.00];

% Absorption coefficient in dB/m
alphas = [2.153
2.170
2.181
2.187
2.199
2.220
2.251
2.278
2.300
2.310
2.316
2.329
2.349
2.378
2.405
2.427
2.437
2.447
2.459
2.479
2.502
2.526
2.550
2.566
2.579
2.591
2.602
2.618
2.642
2.660
2.681
2.696
2.709
2.720
2.731
2.752
2.768
2.790
2.812
2.825
2.838
2.847
2.856
2.874
2.892
2.911
2.928
2.948
2.958
2.967
2.980
2.997
3.006
3.026
3.044
3.058
3.071
3.083
3.094
3.110
3.120
3.133
3.145
3.157
3.171
3.181
3.195
3.201
3.214
3.222
3.231
3.241
3.251
3.264
3.273
3.288
3.294
3.305
3.313
3.320
3.332
3.341
3.347
3.362
3.369
3.380
3.386
3.393
3.398
3.408
3.417
3.422
3.429
3.435
3.443
3.448
3.453
3.458
3.469
3.477
3.482
3.486
3.493
3.495
3.497
3.501
3.507
3.511
3.518
3.522
3.527
3.532
3.533
3.537
3.538
3.543
3.549
3.555
3.557
3.564
3.566
3.570
3.572
3.573
3.576
3.577
3.580
3.579
3.585
3.586
3.591
3.592
3.596
3.598
3.600
3.606
3.608
3.613
3.612
3.616
3.622
3.621
3.626
3.633
3.632
3.634
3.641
3.643
3.644
3.653
3.653
3.657
3.665
3.670
3.675
3.684
3.689
3.686
3.688
3.698
3.699
3.704
3.709
3.712
3.719
3.725
3.732
3.742
3.749
3.761
3.769
3.781
3.792
3.806
3.817
3.827
3.844
3.854
3.865
3.878
3.896
3.911
3.927
3.943
3.956
3.974
3.992
4.003
4.023
4.038
4.056
4.076
4.096
4.118
4.138
4.159
4.173
4.197
4.218
4.246
4.266
4.288
4.313
4.339
4.366
4.396
4.425
4.457
4.491
4.528
4.563
4.598
4.637
4.678
4.720
4.766
4.814
4.865
4.919
4.975
5.032
5.095
5.158
5.226
5.297
5.371
5.444
5.517
5.595
5.672
5.753
5.836
5.922
5.997
6.082
6.160
6.244
6.330
6.403
6.479
6.554
6.627
6.689
6.752
6.808
6.861
6.906
6.949
6.984
7.012
7.041
7.061
7.075
7.084
7.083
7.080
7.070
7.054
7.033
7.008
6.975
6.937
6.892
6.841
6.786
6.725
6.657
6.586
6.509
6.429
6.343
6.251
6.158
6.057
5.957
5.854
5.750
5.641
5.534
5.430
5.326
5.224
5.128
5.034
4.942
4.856
4.777
4.702
4.634
4.571
4.512
4.460
4.412
4.366
4.330
4.285
4.249
4.224
4.195
4.169
4.144
4.123
4.101
4.078
4.057
4.039
4.022
3.996
3.975
3.954
3.932
3.907
3.884
3.862
3.836
3.808
3.787
3.754
3.724
3.699
3.672
3.649
3.617
3.590
3.565
3.532
3.506
3.479
3.450
3.423
3.396
3.368
3.341
3.313
3.286
3.259
3.237
3.209
3.187
3.158
3.137
3.113
3.090
3.067
3.044
3.021
3.000
2.977
2.956
2.936
2.918
2.898
2.880
2.860
2.844
2.825
2.808
2.788
2.769
2.751
2.730
2.716
2.695
2.674
2.658
2.641
2.621
2.605
2.586
2.566
2.545
2.521
2.497
2.478
2.454
2.430
2.411
2.385
2.367
2.346
2.325
2.302
2.274
2.242
2.213
2.190
2.168
2.149
2.130
2.103
2.072
2.039
2.008
1.985
1.961
1.932
1.900
1.881
1.850
1.830
1.809
1.776
1.739
1.714
1.688
1.667
1.634
1.614
1.596
1.571
1.545
1.518
1.485
1.460
1.440
1.416
1.395
1.372
1.349
1.329
1.302];

% Gain coefficient in dB/m
