%% Pin average = -13 dBm
Data13 = [1530.7064	-16.082	12.677	-42.773	11.272	-44.117	8.988	-46.152	7.104	-47.62	4.605	-49.487	0.271	-52.02
1531.4783	-16.52	13.2	-42.49	11.695	-43.857	9.09	-46.049	7.245	-47.51	4.9	-49.321	0.86	-51.681
1532.2466	-16.337	13.132	-42.355	11.628	-43.776	9.082	-45.977	7.263	-47.442	4.912	-49.188	0.848	-51.587
1533.0405	-16.429	13.173	-42.422	11.596	-43.868	9.003	-46.052	7.293	-47.417	5.05	-49.057	1.135	-51.359
1533.8762	-16.333	12.812	-42.682	11.366	-44.12	8.996	-46.206	7.435	-47.469	5.253	-48.993	1.504	-51.216
1534.6516	-16.338	12.437	-43.014	10.912	-44.445	8.668	-46.33	7.248	-47.472	5.233	-48.972	1.766	-51.128
1535.4272	-16.276	11.89	-43.399	10.457	-44.714	8.639	-46.434	7.3	-47.506	5.412	-48.954	2.07	-50.975
1536.2255	-16.208	11.838	-43.735	10.524	-44.929	8.711	-46.485	7.504	-47.515	5.591	-48.903	2.525	-50.921
1537.0186	-16.309	11.658	-43.928	10.622	-45.064	8.832	-46.548	7.754	-47.484	5.994	-48.813	2.969	-50.81
1537.7784	-16.379	11.739	-44.047	10.656	-45.098	9.066	-46.503	7.829	-47.434	6.183	-48.725	3.265	-50.66
1538.5699	-16.257	11.647	-44.055	10.615	-45.052	9.034	-46.397	7.981	-47.317	6.211	-48.597	3.39	-50.563
1539.4133	-16.27	11.854	-43.956	10.769	-44.934	9.319	-46.242	8.274	-47.2	6.491	-48.45	3.707	-50.349
1540.1835	-16.181	11.987	-43.811	10.928	-44.765	9.446	-46.065	8.34	-46.981	6.756	-48.268	4	-50.183
1541.0446	-16.303	12.371	-43.617	11.36	-44.543	9.851	-45.85	8.764	-46.772	7.183	-48.048	4.385	-49.956
1541.7276	-16.276	12.657	-43.446	11.657	-44.373	10.131	-45.678	9.083	-46.594	7.448	-47.867	4.698	-49.772
1542.5674	-16.313	12.738	-43.277	11.824	-44.202	10.313	-45.526	9.213	-46.417	7.603	-47.695	4.954	-49.592
1543.3307	-16.211	13.028	-43.153	12.079	-44.053	10.609	-45.361	9.522	-46.269	7.91	-47.545	5.232	-49.443
1544.1311	-16.334	13.215	-43.035	12.201	-43.92	10.806	-45.249	9.638	-46.113	8.22	-47.386	5.538	-49.286
1544.9005	-16.173	13.42	-42.944	12.401	-43.827	11.054	-45.134	9.894	-46.04	8.371	-47.273	5.692	-49.115
1545.7038	-16.059	13.269	-42.89	12.244	-43.758	10.928	-45.044	9.913	-45.921	8.306	-47.149	5.713	-49.037
1546.5292	-16.292	13.439	-42.857	12.473	-43.714	11.137	-44.99	10.07	-45.843	8.558	-47.05	5.995	-48.903
1547.3458	-16.075	13.533	-42.805	12.567	-43.655	11.226	-44.876	10.07	-45.728	8.625	-46.971	6.136	-48.812
1548.1174	-16.162	13.501	-42.761	12.646	-43.605	11.337	-44.825	10.257	-45.687	8.8	-46.886	6.319	-48.724
1548.9361	-16.184	13.771	-42.739	12.851	-43.569	11.478	-44.775	10.581	-45.609	9.025	-46.771	6.485	-48.594
1549.7083	-16.08	13.745	-42.736	12.868	-43.522	11.574	-44.708	10.555	-45.564	9.189	-46.686	6.751	-48.521
1550.5284	-16.061	13.848	-42.679	12.913	-43.473	11.622	-44.642	10.724	-45.463	9.4	-46.613	6.961	-48.423
1551.307	-16.165	13.809	-42.628	12.989	-43.411	11.659	-44.563	10.816	-45.363	9.419	-46.507	7.122	-48.294
1552.1676	-16.31	14.299	-42.568	13.43	-43.344	12.037	-44.486	11.052	-45.294	9.677	-46.41	7.438	-48.181
1552.9396	-16.229	13.951	-42.505	13.202	-43.262	11.938	-44.375	11.069	-45.188	9.651	-46.31	7.427	-48.067
1553.7329	-16.17	14.09	-42.434	13.264	-43.207	12.049	-44.308	11.249	-45.095	10.021	-46.202	7.698	-47.925
1554.5294	-16.216	14.113	-42.36	13.407	-43.121	12.193	-44.211	11.386	-45.022	10.079	-46.104	7.851	-47.84
1555.3188	-16.112	14.179	-42.331	13.499	-43.066	12.287	-44.139	11.399	-44.914	10.096	-46.026	7.933	-47.763
1556.164	-16.069	14.45	-42.308	13.708	-43.036	12.556	-44.1	11.661	-44.866	10.354	-45.973	8.229	-47.698
1556.9722	-16.168	14.336	-42.28	13.69	-43.009	12.477	-44.051	11.658	-44.802	10.368	-45.884	8.251	-47.574
1557.7694	-16.287	14.439	-42.27	13.708	-42.956	12.558	-44.02	11.75	-44.749	10.5	-45.843	8.41	-47.531
1558.6172	-16.268	14.429	-42.345	13.701	-43.026	12.666	-44.058	11.786	-44.785	10.585	-45.838	8.483	-47.509
1559.3979	-16.028	14.278	-42.409	13.684	-43.094	12.564	-44.096	11.814	-44.81	10.517	-45.84	8.484	-47.48
1560.1861	-16.008	14.254	-42.545	13.624	-43.188	12.489	-44.184	11.725	-44.873	10.534	-45.898	8.547	-47.532
1560.966	-16.121	14.127	-42.724	13.431	-43.362	12.473	-44.306	11.706	-44.995	10.519	-45.977	8.53	-47.571
1561.7886	-16.128	13.88	-42.936	13.29	-43.534	12.271	-44.465	11.542	-45.14	10.384	-46.105	8.499	-47.649];


%% Pin average = -16 dBm
