% Data Columns: Wavelength, Current / Output power
% Wavelength	180 mA /  118.97 mW	140 mA / 90.3 mW	100 mA / 61.7 mW	80 mA / 47.4 mW	60 mA / 33.1 mW	10 mA / 18.79 mW
PumpPowermW = [118.97 90.3 61.7 47.4 33.1 18.79];
SpectrumData = [957.94	-47.55	-47.548	-48.183	-48.147	-48.025	-48.414
957.98	-47.57	-47.632	-48.119	-48.206	-48.026	-48.663
958.02	-47.56	-47.474	-48.015	-48.173	-48.125	-48.607
958.06	-47.531	-47.388	-47.899	-48.164	-48.192	-48.413
958.1	-47.467	-47.471	-47.893	-48.115	-48.277	-48.352
958.14	-47.53	-47.551	-47.967	-48.082	-48.181	-48.449
958.18	-47.571	-47.428	-47.983	-47.983	-48.078	-48.351
958.22	-47.512	-47.334	-47.826	-47.904	-48.041	-48.173
958.26	-47.324	-47.458	-47.766	-47.687	-48.245	-48.076
958.3	-47.214	-47.446	-47.778	-47.796	-48.173	-48.017
958.34	-47.193	-47.31	-47.824	-47.893	-48.045	-47.954
958.38	-47.222	-47.184	-47.735	-47.862	-47.949	-47.953
958.42	-47.214	-47.259	-47.718	-47.669	-48.045	-48.115
958.46	-47.245	-47.265	-47.63	-47.62	-48.067	-48.164
958.5	-47.288	-47.242	-47.542	-47.645	-47.941	-48.086
958.54	-47.35	-47.298	-47.386	-47.719	-47.772	-48.066
958.58	-47.351	-47.287	-47.375	-47.844	-47.651	-48.03
958.62	-47.384	-47.172	-47.483	-47.858	-47.578	-48.032
958.66	-47.287	-47.107	-47.624	-47.826	-47.578	-48.034
958.7	-47.31	-47.09	-47.601	-47.787	-47.62	-48.149
958.74	-47.357	-47.102	-47.497	-47.729	-47.704	-48.205
958.78	-47.399	-47.061	-47.48	-47.706	-47.764	-48.205
958.82	-47.286	-47.035	-47.624	-47.681	-47.788	-48.08
958.86	-47.246	-47.021	-47.779	-47.75	-47.767	-47.901
958.9	-47.189	-47.119	-47.756	-47.743	-47.609	-47.849
958.94	-46.997	-47.173	-47.704	-47.778	-47.676	-47.946
958.98	-46.957	-47.058	-47.737	-47.69	-47.639	-47.972
959.02	-47.084	-46.978	-47.791	-47.591	-47.633	-47.837
959.06	-47.162	-46.943	-47.748	-47.607	-47.594	-47.765
959.1	-47.041	-46.983	-47.705	-47.613	-47.594	-47.825
959.14	-46.89	-46.888	-47.516	-47.645	-47.603	-47.865
959.18	-46.866	-46.938	-47.349	-47.56	-47.539	-47.793
959.22	-46.837	-46.916	-47.324	-47.558	-47.62	-47.684
959.26	-46.802	-46.876	-47.239	-47.483	-47.497	-47.64
959.3	-46.73	-46.774	-47.173	-47.357	-47.383	-47.59
959.34	-46.74	-46.718	-47.156	-47.31	-47.353	-47.545
959.38	-46.808	-46.69	-47.245	-47.261	-47.294	-47.513
959.42	-46.857	-46.619	-47.19	-47.291	-47.297	-47.517
959.46	-46.789	-46.638	-47.053	-47.305	-47.204	-47.529
959.5	-46.742	-46.594	-47.003	-47.204	-47.227	-47.409
959.54	-46.714	-46.616	-47.029	-47.14	-47.362	-47.402
959.58	-46.7	-46.639	-47.012	-47.102	-47.515	-47.414
959.62	-46.71	-46.628	-46.909	-47.261	-47.365	-47.422
959.66	-46.706	-46.61	-46.985	-47.356	-47.061	-47.398
959.7	-46.615	-46.635	-47.216	-47.411	-47.055	-47.4
959.74	-46.601	-46.563	-47.197	-47.35	-47.214	-47.491
959.78	-46.657	-46.508	-46.939	-47.297	-47.26	-47.476
959.82	-46.722	-46.559	-46.877	-47.329	-47.305	-47.465
959.86	-46.597	-46.654	-46.946	-47.221	-47.463	-47.439
959.9	-46.527	-46.514	-46.952	-47.129	-47.556	-47.404
959.94	-46.534	-46.523	-46.9	-47.203	-47.383	-47.424
959.98	-46.62	-46.598	-46.92	-47.29	-47.16	-47.36
960.02	-46.569	-46.62	-46.886	-47.093	-47.065	-47.333
960.06	-46.451	-46.451	-46.853	-46.923	-47.013	-47.265
960.1	-46.42	-46.417	-46.821	-46.863	-46.885	-47.287
960.14	-46.446	-46.382	-46.745	-46.912	-46.768	-47.21
960.18	-46.316	-46.321	-46.684	-46.815	-46.798	-47.153
960.22	-46.151	-46.225	-46.605	-46.778	-46.884	-47.07
960.26	-46.182	-46.194	-46.615	-46.677	-46.801	-46.95
960.3	-46.249	-46.125	-46.598	-46.662	-46.648	-46.813
960.34	-46.278	-46.077	-46.605	-46.606	-46.687	-46.844
960.38	-46.263	-46.049	-46.5	-46.621	-46.854	-46.905
960.42	-46.26	-46.08	-46.424	-46.684	-46.943	-46.909
960.46	-46.196	-46.12	-46.419	-46.785	-46.819	-46.876
960.5	-46.131	-46.133	-46.578	-46.767	-46.731	-47.019
960.54	-46.109	-46.092	-46.674	-46.697	-46.774	-47.074
960.58	-46.08	-46.026	-46.636	-46.734	-46.847	-47.079
960.62	-46.133	-46.063	-46.499	-46.818	-46.781	-47.016
960.66	-46.144	-46.038	-46.578	-46.749	-46.686	-47.073
960.7	-46.09	-45.996	-46.683	-46.637	-46.76	-47.024
960.74	-45.998	-45.999	-46.787	-46.683	-46.872	-46.938
960.78	-46.042	-46.113	-46.727	-46.784	-46.873	-46.932
960.82	-46.099	-46.106	-46.702	-46.758	-46.793	-46.97
960.86	-46.135	-45.982	-46.582	-46.667	-46.757	-46.938
960.9	-46.107	-45.913	-46.539	-46.632	-46.686	-46.791
960.94	-46.101	-45.92	-46.451	-46.57	-46.602	-46.751
960.98	-46.028	-45.933	-46.359	-46.517	-46.603	-46.818
961.02	-45.925	-45.881	-46.227	-46.431	-46.651	-46.813
961.06	-45.796	-45.815	-46.151	-46.438	-46.598	-46.726
961.1	-45.835	-45.767	-46.185	-46.375	-46.38	-46.693
961.14	-45.819	-45.726	-46.216	-46.335	-46.372	-46.685
961.18	-45.77	-45.599	-46.234	-46.153	-46.441	-46.504
961.22	-45.739	-45.511	-46.218	-46.167	-46.405	-46.353
961.26	-45.786	-45.576	-46.243	-46.174	-46.231	-46.308
961.3	-45.754	-45.645	-46.184	-46.162	-46.207	-46.363
961.34	-45.744	-45.594	-46.162	-46.099	-46.363	-46.366
961.38	-45.813	-45.515	-46.113	-46.142	-46.414	-46.417
961.42	-45.844	-45.54	-46.083	-46.201	-46.334	-46.398
961.46	-45.748	-45.537	-46.076	-46.139	-46.207	-46.433
961.5	-45.708	-45.514	-46.163	-46.081	-46.212	-46.412
961.54	-45.629	-45.484	-46.177	-46.047	-46.261	-46.469
961.58	-45.643	-45.517	-46.024	-46.093	-46.279	-46.425
961.62	-45.678	-45.496	-45.968	-46.065	-46.217	-46.453
961.66	-45.68	-45.414	-45.935	-46.032	-46.218	-46.418
961.7	-45.572	-45.38	-45.919	-45.994	-46.227	-46.321
961.74	-45.54	-45.487	-45.959	-45.981	-46.246	-46.236
961.78	-45.499	-45.547	-46.073	-45.922	-46.169	-46.235
961.82	-45.416	-45.462	-46.08	-45.924	-46.215	-46.262
961.86	-45.302	-45.336	-45.963	-45.997	-46.259	-46.199
961.9	-45.257	-45.293	-45.725	-45.931	-46.201	-46.185
961.94	-45.197	-45.199	-45.658	-45.756	-45.979	-46.158
961.98	-45.168	-45.035	-45.62	-45.548	-45.863	-46.081
962.02	-45.076	-44.93	-45.594	-45.646	-45.814	-45.926
962.06	-45.087	-44.968	-45.449	-45.713	-45.784	-45.842
962.1	-45.057	-44.959	-45.438	-45.72	-45.624	-45.833
962.14	-45.054	-44.88	-45.439	-45.505	-45.581	-45.877
962.18	-44.95	-44.82	-45.364	-45.481	-45.621	-45.824
962.22	-45	-44.931	-45.363	-45.535	-45.673	-45.844
962.26	-45.1	-45.007	-45.42	-45.611	-45.623	-45.918
962.3	-45.19	-44.993	-45.441	-45.634	-45.595	-45.946
962.34	-45.144	-44.893	-45.377	-45.545	-45.683	-45.847
962.38	-45.063	-44.877	-45.342	-45.59	-45.67	-45.824
962.42	-44.991	-44.897	-45.376	-45.559	-45.58	-45.9
962.46	-44.934	-44.878	-45.355	-45.558	-45.52	-45.874
962.5	-44.86	-44.808	-45.325	-45.464	-45.571	-45.725
962.54	-44.9	-44.786	-45.274	-45.524	-45.51	-45.661
962.58	-44.965	-44.831	-45.391	-45.497	-45.394	-45.729
962.62	-44.951	-44.826	-45.446	-45.423	-45.42	-45.772
962.66	-44.865	-44.781	-45.421	-45.409	-45.579	-45.73
962.7	-44.877	-44.748	-45.258	-45.489	-45.612	-45.725
962.74	-44.968	-44.756	-45.301	-45.504	-45.565	-45.855
962.78	-45	-44.698	-45.39	-45.455	-45.534	-45.902
962.82	-44.953	-44.659	-45.359	-45.359	-45.602	-45.758
962.86	-44.846	-44.643	-45.126	-45.358	-45.534	-45.605
962.9	-44.732	-44.652	-45.063	-45.368	-45.411	-45.642
962.94	-44.67	-44.575	-45.105	-45.281	-45.327	-45.658
962.98	-44.585	-44.463	-45.045	-45.088	-45.298	-45.478
963.02	-44.58	-44.368	-44.908	-45.072	-45.206	-45.309
963.06	-44.623	-44.374	-44.882	-45.118	-45.037	-45.368
963.1	-44.594	-44.318	-44.896	-45.117	-45.057	-45.404
963.14	-44.491	-44.216	-44.847	-45.081	-45.182	-45.331
963.18	-44.488	-44.226	-44.799	-45.143	-45.214	-45.23
963.22	-44.573	-44.361	-44.874	-45.143	-45.026	-45.251
963.26	-44.554	-44.363	-44.972	-45.037	-44.948	-45.301
963.3	-44.419	-44.28	-44.986	-44.932	-45.087	-45.234
963.34	-44.385	-44.291	-44.885	-44.971	-45.173	-45.202
963.38	-44.44	-44.36	-44.8	-45.092	-45.074	-45.242
963.42	-44.44	-44.285	-44.831	-45.077	-45.01	-45.372
963.46	-44.291	-44.147	-44.819	-44.973	-45.052	-45.361
963.5	-44.256	-44.096	-44.782	-45.014	-45.008	-45.227
963.54	-44.426	-44.176	-44.739	-45.094	-44.888	-45.206
963.58	-44.477	-44.196	-44.824	-45.009	-44.854	-45.303
963.62	-44.288	-44.061	-44.79	-44.857	-44.987	-45.266
